[gd_scene format=3 uid="uid://ciqrpd5675boy"]

[ext_resource type="Script" uid="uid://gofa4kyvcacj" path="res://player/player.gd" id="1_rvo1c"]
[ext_resource type="Script" uid="uid://dwd8k7raa2k87" path="res://player/camera_controller.gd" id="3_qrkly"]
[ext_resource type="PackedScene" uid="uid://c0mo8tek77du4" path="res://player/character_skin.tscn" id="4_ign62"]
[ext_resource type="Script" path="res://player/trick_system.gd" id="5_tricksy"]
[ext_resource type="PackedScene" path="res://player/hud.tscn" id="6_hud"]
[ext_resource type="AudioStream" uid="uid://bx0t7f2nuk2lr" path="res://player/sounds/03_step_grass_03.wav" id="10_wx4h4"]
[ext_resource type="AudioStream" uid="uid://cbcb2d63weegs" path="res://player/sounds/45_landing_01.wav" id="11_3s4i7"]

[sub_resource type="CapsuleShape3D" id="CapsuleShape3D_8x2xm"]

[sub_resource type="SeparationRayShape3D" id="SeparationRayShape3D_gqx4v"]

[sub_resource type="CameraAttributesPractical" id="CameraAttributesPractical_2ooex"]
dof_blur_far_enabled = true
dof_blur_far_distance = 45.0

[sub_resource type="CylinderShape3D" id="CylinderShape3D_s5n07"]

[node name="Player" type="CharacterBody3D" unique_id=126940387]
axis_lock_angular_x = true
axis_lock_angular_y = true
axis_lock_angular_z = true
script = ExtResource("1_rvo1c")
acceleration = 6.0

[node name="CharacterCollisionShape" type="CollisionShape3D" parent="." unique_id=2112685367]
transform = Transform3D(1, 0, 0, 0, 1, 0, 0, 0, 1, 0, 1, 0)
shape = SubResource("CapsuleShape3D_8x2xm")

[node name="CameraController" type="Node3D" parent="." unique_id=456957049]
top_level = true
script = ExtResource("3_qrkly")
invert_mouse_y = true
tilt_upper_limit = 0.48
tilt_lower_limit = -0.8

[node name="CameraOverShoulderPivot" type="Marker3D" parent="CameraController" unique_id=2010202668]
transform = Transform3D(-0.994522, 0.0400013, -0.0965717, 0, 0.92388, 0.382683, 0.104528, 0.380587, -0.918818, -0.848491, 3.48765, -2.32639)

[node name="CameraSpringArm" type="SpringArm3D" parent="CameraController" unique_id=880047906]
transform = Transform3D(-1, -5.15034e-15, -8.74228e-08, -3.23484e-08, 0.929023, 0.370022, 8.12178e-08, 0.370022, -0.929023, 0, 2.33984, 0)
shape = SubResource("SeparationRayShape3D_gqx4v")
spring_length = 10.0

[node name="CameraThirdPersonPivot" type="Marker3D" parent="CameraController/CameraSpringArm" unique_id=2081525754]
transform = Transform3D(1, 0, 0, 0, 1, 0, 0, 0, 1, 0, 0, 10)

[node name="PlayerCamera" type="Camera3D" parent="CameraController" unique_id=1460225452]
transform = Transform3D(-1, -3.71248e-14, -8.74228e-08, -3.23484e-08, 0.929023, 0.370022, 8.12178e-08, 0.370022, -0.929023, -8.74228e-07, 6.04006, -9.29023)
top_level = true
attributes = SubResource("CameraAttributesPractical_2ooex")
fov = 50.0

[node name="CameraRayCast" type="RayCast3D" parent="CameraController/PlayerCamera" unique_id=1063302130]
transform = Transform3D(1, 0, -7.10543e-15, 0, 1, 0, 0, 0, 1, 0, 0, 0)
target_position = Vector3(0, 0, -100)
debug_shape_custom_color = Color(0, 0, 0, 0)

[node name="GroundShapeCast" type="ShapeCast3D" parent="." unique_id=1807857851]
transform = Transform3D(1, 0, 0, 0, 1, 0, 0, 0, 1, 0, 0.5, 0)
shape = SubResource("CylinderShape3D_s5n07")
target_position = Vector3(0, -2.6, 0)
margin = 0.5
max_results = 1
debug_shape_custom_color = Color(0.658824, 1, 0, 1)

[node name="CharacterRotationRoot" type="Node3D" parent="." unique_id=1616488823]

[node name="CharacterSkin" parent="CharacterRotationRoot" unique_id=84269285 instance=ExtResource("4_ign62")]

[node name="TrickSystem" type="Node" parent="." unique_id=9900001]
script = ExtResource("5_tricksy")

[node name="HUD" parent="." unique_id=9900002 instance=ExtResource("6_hud")]

[node name="StepSound" type="AudioStreamPlayer3D" parent="." unique_id=514297165]
stream = ExtResource("10_wx4h4")
volume_db = 1.0

[node name="LandingSound" type="AudioStreamPlayer3D" parent="." unique_id=1817795993]
stream = ExtResource("11_3s4i7")
volume_db = 1.0
